’ mnu (1110111011 1001111 0111011011 817

Vol. Pag. Vol. 710.

011111 17 15 0010110οα101 1 565
0111011οι 11 759 coriandrum 11 920

0111111 1 915 0011101010οι 17 926
0111111011 V 595 0011101111 11 1091 =
00111111 111 111 00111111 11 111
0111001011οο 17 555 0011000ρί0 7 171 <2
Clinopodium 1v 111 comum 1v 111 312}
0111111111 1 111 comus 11 1011 κ’
0111101 111 705 00100101 11 179 sf'j

Ouidium 11 971 1301011011ιο. 111 186
00001111 17 1901 corylus IV 1176 1
001000110111011 111 181 1101111ρῆ000 “ 7 550
6010010111 7 581 0011 111 985 ‘52
Coeloalossum V 85 0010111111 11 665 4'
0010001011 7 155 001111 111 559 ,ςτί
0011111100 7 155 0011111101 11 770 '2³5
111111. 756 00111011 111 158 'll-35
Coloachyrum V 108 01011110 ll 791
0010110111 111 555 011110111111 11' 766
0011110011 Π 911 01111001 11 680 Ὓῖεζ
Colobachne V 488 Orenoseitdium 11 987
caponum v 576 Crepinia 111 889
comum 1v 110 Oropia 111 851 ς
00Ιο111 ΙΙ 195 01111* lV 774
0001101111 17 1059 0117771111 ll 895 ’ῃ
0010110οι 11 700 crimmum 77 977 4(
0010011010010 7 515 Ummium V 677 ’ἴ’
(1001111011 7 515 010001 V 91 ];
1111111. 758 11 11111. 755
0011111111 , v 61 010110011101111 111 586
0001011111 111 152 0101111111 11 85 „3
Cmtdyloearpm 11 1051 010101 17 1110 '11
0011110010 7 695 0101001011 17 1159
(lonium 11 922 0101110191 ΠΙ 19
0001101111 V 551 01111101 111 698
00010110111111 17 81 0111111 V 175
00110111111 17 81 0101110110 111 791
0011111 111 216 0111100101 1 126
0011111ι 17 185 0111101111οε ll 951

¹ 1
1
1
1
Q?
Ξ,
,1
11

 

 

