788

111.

0111111111111111111111,

111111. 106-108
11111111, 81111. etuas. 97
11111111111111, 1111111. 110
111111111111,Β1111. 101
111111111111, Β. 1101111. 115
1111111111, Β1111. 102

111111111111, Ρ1111. 105
108
114
102

1111111111, Ker.

1111111111, Rohb.
11111, B. 1111.
11111111, Herb. 112
1111111111, 8111111. 101
1111111111111111116111198
01111111, J, 1111. 101
0111111111, 1. D. 1111111011
01111111, Ρ111. 100
1101111111, Η111. 100
11111111. Β. 100
1111111111811111. 105

’ 11111111111111 111

1111111111, 1111. 111
111
111
111

111111111111111.
1111111111, Ten.
Pylamm, J. Gay.
11111111, 11115. 105
111111111111111. 102
11111111111,111.11. B. 105
1111111111111. ¹ 101
111111111111, 0. 111111. 105
11111111,1. 100
6111111111, 111111. 97
8111111111, 1. (111. 101
8111111111111,Η1111.11111.102
811111111111,Β1111.Β11.
Rog. 115
61111111, 1. (111. 102
8111111111, Η115. 102
111111111111111. 1011

mnu

111

(111111 11111111,11.11. 111 ’

(1111111111. Ι

1111111111, 11111.

1111111111, 1111111. 111
8111111111, Β. 11 Η11111. 101
1111111111,11111. 102
1111111111, 1111. 108
1111111111, Κ1111. 108
1111111111, (111111). 111
81111111, 1111.
8111111111,11111. 108
811111111111, (1111111. 98
8111111111, Β. 11111111. 106
Tauri, 11111. 115
7111111111, Β. 11811.
7111111111, (1. 111111. 104
7111111111111. 100
7111111111111111, Η1111. 109
Τ11111111111,1.011. 109
97
102
105

variegatus, 1111111.
71111111ηεί1, norb.
71111111, 7111.
1111111, 11. Β.
11111111, Bor. Mag.
1111111111, 11111.

1111111111, 1111111111.
11111111. (111.

106
98
475
11111111, L. 4711
11111111111111111. 176
11111111111111, 8111111. 476
11111111, 1111111. 477
11111111, Β. 11Β11. 477
1111111110111. 481
111111111111112. 11211. 477
11111,Βοί11. 477

1111111111. 111111. 476

11111111, 11. 1. 111 ¹

11111111,1.1181. 478
1111111111 Ian. 476

 

111 Ν

101 “

111 ‘
111 ⁵
111 ·
117 ’ -i

