(11111111, 1³21.
11111111, L.

Gladiolus, L.
1111111111111,Βυί11.
Byzantinus, 11111.
(1111111111, Herb.

1111111111, L.
1111111111, 61111.
communimur„ 611111. 141
dubius, 6111. 1411
6111111, Κο111. 159
1111111111, B. 11111111. 149
1111111ἰὶ11, Β. 11 11111. 141
1111111111, 11111. 140
1111111111, L. 141
11111111, (1111. 159
badoniae, 111. 159
Persicus, 61111. 149
1111111, B. 11 Η111. 149
1111111111, Trautv. 141
Romam, Pers. 149
segetum, 61111. 159
111ῠί111111, Boios. 141
1111111111, G. Koch. 141)
111111, Μ. Β. 141
1111111111, sibus. 141
Glycerio, Β. Br. 611

1111111. 111Δ

aquatica, wahl. 612
Caspiaffiin. 111
111111111,111. 615
1111116111. 611
111111111111, coss. 615
11111111, L. 613
maritima, 11. Κ. 615
1111111111, 111111. 615
1111111, Fr. 614
1111111111,11111. 618
1111111, st. 615

1 .
(11111111 8111111111, 81111. 611

11111111111,11.11. 615

1111111111, Bl. 719
6111111111111. 69

. 111111, 1. 90

11111111. 459
6111111111 1111111111, 81. 791
Gymnadeniafflr. 60
conopoea, L. 61
1111111111, 1111111. 61
Gymnoqramm, Desv. 711
1111111161, L. 791
(11111111, 111. 799

1111111111 111111111111, 11111.
’ 111. 755
Halodule‚ 11111. 96
1111111111, 1111. 94
uninomia, 11111. 94
Halophlla, 1111111171. 2
1111111111, 111111 . 9
111111,11. Br. 9
11111, (1111. 9
1111111111, 1111111. 5
Η1111111111ε,11. Bt. 566
1111111111, L. 988
1111111111, 11111. 586
111111111111, 11², 111. 761
111111, 1111.
11111111, W.
1111111111, Κ111.
1111111111,Βι·111.
- 111111111181.
11111, 111111. 581
1111111111. 586
1111111111, 11111. 586
Holeoohloa, 11111 475
111611111181111. 476
1111111111111,111111 476

68

 

