ζ 11196 111111 1111111111 1111111111111
⁵² Vol. Ptg.

1111111111 11. 11111111,
ε11111(1)ε (8111811111, [11111. 111185(

11 Ρ111111111111111111, 01. lv 1194

auguret-elamet> 11. 11131111

3* θ 11111 1111111111 (11311 1111111 1111111111, 8111111, 11

'- ‘¹“ 11111111, 111111. 11 1

ᾖ, 11111111 (1(111.])1 1111111111111111111111111, Bge. 1v 918

111111(1);1111111111111111111111111111111,1111111. 11 165

'²' 1111111(1); 9111111181111111,Β1111. 1 197
1111111111111111111111,11111. 111 150

’ᾗ 1111111111 11. 111111-91111.
’.Ϊῑ- 1111111111 1111111111 (1,111(1.); Ρ1111911111111111111111111111,111111 899

111111 [11111111] ·11111(1[111.]); 11111111111111111111111, Bge. 11 951
(1 11111111111111 (1,11111.); 1111111111 11111111111111111,Β1111. l 240
ἵζ’, , 1111111111(1); 1111111111111,1. ll 11191
111111111111111.

111111111111(1[111.]); 111911111111. 11 4
111111-111111 (1 [kirghin.]): 1111111111 11111111, L. 11 994
111111111111.

111111 11. 11111111.

11111111111 11. 11111111111.

11111111 11. 11111111.

111111111111111. 11111111111111.

1111111 11. 1111111.

1111111 1111111111.

111111-11-1111 11. 11111.

111111 11. 11111.

11111111111 11. 11111111111.

1111111 11. 111111.

1111111 11. 11111111.

111111 (1); 111111 1111111111,Β1111.
111111111111 (1) : 111111111111111111111, wind.
seqaqoul (1); 1111111111811111111, Β1111.
11111111 (111111.); pistacia 1111111, 111111. 111111.
(111111(1)1 111111 81111, Del. ⁸
(seynfibfin (1) : 81111111 1111111111111.
1111 (1)1 21111111 Spina 0111111, wind.

11111 (1); 1111111111111111111111, Ρ111.
11111111 (1) : 111111111νὲ1 8111111, 111111.

 

