,spuanspe

ι 0107717755
0177
7774777
’0119775777
77307917
0577777777
01177717
Ι07777717

¹ 0771776777

077771771ρά77 ,

7777777747

‚ 0776777717
0771777617
077717
0777777177
0777777
¹Onyehiqm
¹Ophioglnossum

¹ χ 07777777

ophrys

77 Δᾱᾱ.
0707777777
09'07772
07777777 y
¹0p7777777717777
07077777
mmmmm
0771717

et 7777.
0717777777
071777
07777717
0777771701777
0747779717
0771777371777
07000777

Vol. Pas.

11 ¹757¹

III 703

lv 3⁶7 3.

17 77
111 707 ÷

1 7552
711 77³7
11 8973
'7 794ἰ
111 777.

77 766 ζ

'11 7777

171 779 7

'11 775²

71 56'

111 588χ
lv 778

7 776
v 770
7 687
v 74

774
7 444
17 7089
11 7058
v 746
777 777
v 777
,v 58

774
17 576
77 7777
771 770
17 7079
17 7077
v 777
77 777
77 79

17 797

777777, 77777774 77777 7777777777

0776777177
077677
077177777οεὶ7
0777477777
0767777777
orygis
07777717
077777

Ι077717

07777777
0777777
Othonnqpsis
0177777317
0717117

A 07777777

0777777777
077117
0777777777
077717 ,
077717
0777771777
07777717

7717777777οῦ7]

1077177777
Emonia
Balimbip
Paliurus ⁴
Palladia ι
97117717
Ρ7117717

mm
9777770777
77 7671.
Ρ77717717
77717777
9777777
7774777777
7477717777

7959
Vol. Ρις.
111 ,509
11 ι,676
111 967
V 777

17 559 '

Ι1 155
V 770
17 7778
77 1058
ΙΠ 955
111 775
111 777
lv 776
1 ,5
111 577
,1 866
1. 866
77 670
17 7007
111 977
17 59
,ll 798

7 575
111 757
1 97

,11989

11 77
17 7
17 ,777
111 180
v 77
7 777

756
17 979
7 557
1 705
7 708
7 777

 

