111511 1191111111 1101111 offiium!

Vol. 711.

7111911111111111 111 597

Tripolim
’7111111111
massaria
’1111111111
’1111111111
’1111111111
’1111111111
’11111181
’71011111
'runica

7151111111

ῗ 1 ’1111111

et 11111.
71111111
711111111111
71111111
’1111111111
71111
1111111111
’1111111111

Ulmus
mopura
umnmm
[1115111111
1111111111
01111111
Vrgines
5111111111
0111111111
1111111
nmmum
[11111111111

71111111
mmmm
7111111111

7111111

111 158
111 419
7 557
7 555
7 559
7 679
1 844
17 474
1 59
1 516
111 906
7 191

757

11 1086

11 1081
1 167
. 111 577
7 49
7 57
111 555

17 1157
11 1005
11 819
11 819
7 149
7 506
V 595
7 986
111 749
17 1146
17 1145
17 5

1595
111965
111964
11799

7111111111
711111111
munuum
711111111111
7101111111
7111111111
7111111111
7111111
71111 “
7111111111
71111111
7115111111
7116111
mmmm
7111111111
71111111
711111111
7111111111
711111
71111

Villa ’
71111111
71111
7111111111111
71111
nomm
71111111
7111111
71111

71111
7111111
Votum
7111111171
vulpi·

7111111111ςί1
171111111111
171110111ἰί1

ma

ω,

711. Pu. ⁸

111 89
111 85
111 84

111 91 ’κ

1 11
11 111
111 111
1 111
1 111

7558 .

7 171
17 998
17 554
17 551
17 454
17 454
1 969
111 5
11 565
11 594
7 511
111 65
17 45
17 56
1 450
1' 510
1 658
17 1068
17 555
1 955
17 876

lv 116 ⁵

111 606
7 , 697

111 865
11 698
111 19

11 1018

 

