11166616
Dioclen
Dionysia
177080085801778
Diospyron
Diotis

Diotis
Diplaehne
5161661666
1116161166
91616666666
6161661611661
Diplotaenia
6116161116
61666661
916161666611166
1116161666616

1111166666
9661666166
1116166166
1161161116
Dolichos

116666
9661656666

661616616616
Dorema
Doronieum
Doryonium
[16116166666
Draba

6161611616
Dracocephalum
11166666111116
1116166116
11166616

DROSERAGEAE .

Dryas ¹
Drypia
1166666

mnu GENERUM 8808AE 08188751218

1161. 1²22.

’ 11557

IV 515
IV 18
V 545
IV 45
IV 905
111 555
V 561
V 55

1 715
111 160
11 468
11 981
111 115
111 115
111 519
111 116
IV 459
11 16119
11 555
IV 454
11 655
1γ 561
1 556
111 155
11 1665
111 578
11 166
lv 5911
1 595
1 514
IV 671
V 45
1 196
11 1911
11 199
11 695
1 566
111 786

»aaronis
1161666616
11616νοί66616
11611166

66661666
&Ventidium
11666116
1166611661
5611611616
1161166611
1166166116
6666661166
8666616161
66616666616
1166111666
1166166ρεί166
Echinospermum
6661666666

1161161666
11661661
11611616
6666661166
51161661666
1166616616
11616116
111611661ἀὶ6
6161661666
1116661166
6166666916
6166666666]

5166611616
Elatiae
6111111616
Elephan
1116611116

849
Vol. Pag.
11 1056
111 1111
1 858
Π 1075

11 55 ¹
11 558 ’ ⁵]
11 551 ¹
11 159
111 555
111 546 · f
1 565
V 455 235:
1 6 -νζ
11 611 '¹
111 166
11 965
11 616
IV 516 , ζ
11 161 ‘
11 661
111 Ι616
11 56
111 866 ssi}
71 666
11 111 6
1 156
11 1655 52
11 985 1³:
11 1068
11 878 ‘21'
1 781
1 787
1v 116 ’5
1 555

516616616666161616 11 954

1111666116
[11116116

11 466
1 455

1

 

 

