0000 0000000 00000 ommno 857 ’

vol. 1²23. 00. 0,.
1107000 7 817 1100010710 17 1149

10100 11 656 neronam V 167
110700 1 818 01411, 756

¹ 00070000 1 816 110τί000000 111 85 ι “’
1107007Ιο 1 854 1100970100ρί0 Π 905 ’
Mandagora IV 919 11000050000110000 11 764

= 1100000ἰο 1 897 00001700 11 659
1100051000 17 695 11000001071710 17 195

 

³ 1100010010 17 89 1107070070 ΙΠ 784
ξ 11001100 V 749 11000 Π 975
j 0000000000 7 748 1110000 7 479

Q 1100070 111 516 1110100010 ΙΠ 890
7 1100100ίί800 17 51 1110000070 17 66
7 1100100010 III 595 1110000000 17 498
1107111070 1 146 11101070ρί0 77 971
1101710 17 975 1110010ηο000 117 700
110000 17 495 1110000010 17 568
1107110000 Π 91 11100000 771 541
1101100070 711 758 1170007000100 111 894
7 710ςο000000 1 596 111000001οᾶ1υο 11 890
110ςο000000 17 905 11ὶά0010150 11 749
1100007000 17 499 Milium ’ 7 510
1101000000 77 480 01111. 769
11070071ῐί00 I 659 mmm 117 798
11070007οο0 111 704 1111ιί001100 1 915
1101700010 1 841 070000 11 654
¹ 110110 · 1 954 1170001770 l 684
³ 00011000 1 954 1107010ςὶ0 1 708
1101100 V 584 1100007010 1 711
7100000 11 105 000000 v 599
110770000οε 71 945 11011010 7 619
11071000 17 584 1101710 1 757
“ 1107101117 754 mmmmm I ⁷85
Memoriali! 17 1148 11071030 1 756
1100100οε l 986 11011110 17 990
0000000100 17 1901 11010001Ιο 17 768
110070000ηο0 17 1901 1100007100 11 757

 

11001710 17 549 11000000 7 685
71000000 77 64 71000000 7 165

 

